1067 10
209463 31
156459 9
178399 8
3919223 136
5123123 129
588559 16
1499115 50
2259519 75
1861639 64
1251347 28
13496523 283
1003419 30
1554655 55
3990239 101
2510283 63
2217767 60
1642131 36
1029471 31
2100275 40
2807275 54
449271 10
955203 22
4175599 82
3068935 72
722659 20
2324431 44
485679 13
3749263 72
3422023 67
955555 22
362127 9
1921395 47
2345923 61
707027 17
979379 26
2422519 66
2121835 64
5322667 108
973339 28
3589563 88
1257443 30
1920219 45
3695451 78
3761935 98
3607663 93
2626731 51
4296067 80
99367 3
266 1
260987 10
367228 7
1027355 23
4944850 239
733065 14
418909 10
315892 9
319420 10
289907 6
290609 6
261729 6
722559 19
207051 5
247959 7
108839 3
88799 2
97648 3
435570 14
238550 6
1039001 45
3085389 130
1163051 31
178969 7
606227 15
638281 16
656525 15
591833 16
505034 14
338765 9
919994 17
516454 13
216409 5
1565183 28
887402 19
91015 3
120159 3
480179 12
116278 3
623856 12
154266 6
390713 11
479563 12
397658 8
735830 16
398241 13
383837 15
116601 4
264273 11
463127 12
