1067 11
209463 9
156459 8
178399 9
3919223 89
5123123 99
588559 15
1499115 34
2259519 52
1861639 44
1251347 28
13496523 294
1003419 32
1554655 35
3990239 81
2510283 61
2217767 54
1642131 39
1029471 26
2100275 44
2807275 63
449271 17
955203 22
4175599 83
3068935 71
722659 24
2324431 48
485679 20
3749263 75
3422023 77
955555 28
362127 12
1921395 45
2345923 55
707027 23
979379 23
2422519 53
2121835 49
5322667 110
973339 24
3589563 71
1257443 36
1920219 46
3695451 78
3761935 85
3607663 80
2626731 62
4296067 94
99367 14
266 4
260987 9
367228 16
1027355 24
4944850 58
733065 24
418909 13
315892 10
319420 10
289907 10
290609 10
261729 9
722559 19
207051 9
247959 9
108839 8
88799 8
97648 6
435570 13
238550 9
1039001 21
3085389 43
1163051 33
178969 7
606227 15
638281 16
656525 16
591833 16
505034 14
338765 11
919994 23
516454 15
216409 8
1565183 35
887402 23
91015 7
120159 6
480179 14
116278 7
623856 17
154266 7
390713 12
479563 14
397658 13
735830 18
398241 11
383837 10
116601 7
264273 7
463127 14
